## D1 vertices=82 faces=80 bounds=[[167.0, 301.0, 132.6999969482422], [281.098876953125, 318.8460998535156, 134.89999389648438]]
first vertices:
0: [167.0, 309.0, 134.89999389648438]
1: [169.92308044433594, 309.0, 134.73077392578125]
2: [172.84616088867188, 309.0, 134.56153869628906]
3: [175.76922607421875, 309.0, 134.39230346679688]
4: [178.6923065185547, 309.0, 134.22308349609375]
5: [181.61538696289062, 309.0, 134.05384826660156]
6: [184.53846740722656, 309.0, 133.88461303710938]
7: [187.46153259277344, 309.0, 133.7153778076172]
8: [190.38461303710938, 309.0, 133.54615783691406]
9: [193.3076934814453, 309.0, 133.37692260742188]
10: [196.23077392578125, 309.0, 133.2076873779297]
11: [199.15383911132812, 309.0, 133.03846740722656]
12: [202.07691955566406, 309.0, 132.86923217773438]
13: [205.0, 309.0, 132.6999969482422]
14: [207.85714721679688, 309.0, 132.6999969482422]
15: [210.7142791748047, 309.0, 132.6999969482422]
16: [213.57142639160156, 309.0, 132.6999969482422]
17: [216.42857360839844, 309.0, 132.6999969482422]
18: [219.2857208251953, 309.0, 132.6999969482422]
19: [222.14285278320312, 309.0, 132.6999969482422]
20: [225.0, 309.0, 132.6999969482422]
21: [227.85714721679688, 309.0, 132.6999969482422]
22: [230.7142791748047, 309.0, 132.6999969482422]
23: [233.57142639160156, 309.0, 132.6999969482422]
24: [236.42857360839844, 309.0, 132.6999969482422]
25: [239.2857208251953, 309.0, 132.6999969482422]
26: [242.14285278320312, 309.0, 132.6999969482422]
27: [244.45079040527344, 308.9621276855469, 132.6999969482422]
28: [246.5934295654297, 309.6153259277344, 132.73846435546875]
29: [249.28573608398438, 310.3845520019531, 132.77691650390625]
30: [251.97804260253906, 311.1537780761719, 132.8153839111328]
31: [254.67034912109375, 311.9230041503906, 132.85385131835938]
32: [257.3626403808594, 312.6922607421875, 132.89230346679688]
33: [260.0549621582031, 313.46148681640625, 132.93077087402344]
34: [262.7472839355469, 314.230712890625, 132.96923828125]
35: [265.4395751953125, 314.99993896484375, 133.0076904296875]
36: [268.13189697265625, 315.7691650390625, 133.04615783691406]
37: [270.8241882324219, 316.53839111328125, 133.08460998535156]
38: [273.5165100097656, 317.3076477050781, 133.12307739257812]
39: [276.20880126953125, 318.0768737792969, 133.1615447998047]
last vertices:
62: [227.85714721679688, 301.0, 132.6999969482422]
63: [230.7142791748047, 301.0, 132.6999969482422]
64: [233.57142639160156, 301.0, 132.6999969482422]
65: [236.42857360839844, 301.0, 132.6999969482422]
66: [239.2857208251953, 301.0, 132.6999969482422]
67: [242.14285278320312, 301.0, 132.6999969482422]
68: [245.54920959472656, 301.0378723144531, 132.6999969482422]
69: [248.79119873046875, 301.9231262207031, 132.73846435546875]
70: [251.48350524902344, 302.6923522949219, 132.77691650390625]
71: [254.17581176757812, 303.46160888671875, 132.8153839111328]
72: [256.86810302734375, 304.2308349609375, 132.85385131835938]
73: [259.5604248046875, 305.00006103515625, 132.89230346679688]
74: [262.2527160644531, 305.769287109375, 132.93077087402344]
75: [264.9450378417969, 306.53851318359375, 132.96923828125]
76: [267.6373596191406, 307.3077392578125, 133.0076904296875]
77: [270.32965087890625, 308.0769958496094, 133.04615783691406]
78: [273.02197265625, 308.8462219238281, 133.08460998535156]
79: [275.7142639160156, 309.6154479980469, 133.12307739257812]
80: [278.4065856933594, 310.3846740722656, 133.1615447998047]
81: [281.098876953125, 311.1539001464844, 133.1999969482422]
first faces:
0: [0, 1, 42]
1: [0, 42, 41]
2: [1, 2, 43]
3: [1, 43, 42]
4: [2, 3, 44]
5: [2, 44, 43]
6: [3, 4, 45]
7: [3, 45, 44]
8: [4, 5, 46]
9: [4, 46, 45]
10: [5, 6, 47]
11: [5, 47, 46]
12: [6, 7, 48]
13: [6, 48, 47]
14: [7, 8, 49]
15: [7, 49, 48]
16: [8, 9, 50]
17: [8, 50, 49]
18: [9, 10, 51]
19: [9, 51, 50]
20: [10, 11, 52]
21: [10, 52, 51]
22: [11, 12, 53]
23: [11, 53, 52]
24: [12, 13, 54]
25: [12, 54, 53]
26: [13, 14, 55]
27: [13, 55, 54]
28: [14, 15, 56]
29: [14, 56, 55]
30: [15, 16, 57]
31: [15, 57, 56]
32: [16, 17, 58]
33: [16, 58, 57]
34: [17, 18, 59]
35: [17, 59, 58]
36: [18, 19, 60]
37: [18, 60, 59]
38: [19, 20, 61]
39: [19, 61, 60]
unique_z_sample=[132.7, 132.7385, 132.7769, 132.8154, 132.8539, 132.8692, 132.8923, 132.9308, 132.9692, 133.0077, 133.0385, 133.0462, 133.0846, 133.1231, 133.1615, 133.2, 133.2077, 133.3769, 133.5462, 133.7154, 133.8846, 134.0538, 134.2231, 134.3923, 134.5615, 134.7308, 134.9] count=27

## D2 vertices=258 faces=256 bounds=[[244.03848266601562, 301.5048522949219, 132.6999969482422], [458.435546875, 373.5, 133.6999969482422]]
first vertices:
0: [244.03848266601562, 308.3653259277344, 132.6999969482422]
1: [246.7307891845703, 309.1345520019531, 132.73846435546875]
2: [249.423095703125, 309.90380859375, 132.77691650390625]
3: [252.1154022216797, 310.67303466796875, 132.8153839111328]
4: [254.80770874023438, 311.4422607421875, 132.85385131835938]
5: [257.5, 312.21148681640625, 132.89230346679688]
6: [260.19232177734375, 312.980712890625, 132.93077087402344]
7: [262.8846435546875, 313.74993896484375, 132.96923828125]
8: [265.5769348144531, 314.5191650390625, 133.0076904296875]
9: [268.2692565917969, 315.2884216308594, 133.04615783691406]
10: [270.9615478515625, 316.0576477050781, 133.08460998535156]
11: [273.65386962890625, 316.8268737792969, 133.12307739257812]
12: [276.3461608886719, 317.5960998535156, 133.1615447998047]
13: [278.2052001953125, 318.0047912597656, 133.1999969482422]
14: [279.60845947265625, 319.5581970214844, 133.24166870117188]
15: [281.6918029785156, 321.64154052734375, 133.28334045410156]
16: [283.7751159667969, 323.7248840332031, 133.3249969482422]
17: [285.85845947265625, 325.8081970214844, 133.36666870117188]
18: [287.9418029785156, 327.89154052734375, 133.40834045410156]
19: [290.0251159667969, 329.9748840332031, 133.4499969482422]
20: [292.10845947265625, 332.0581970214844, 133.49166870117188]
21: [294.1918029785156, 334.14154052734375, 133.53334045410156]
22: [296.2751159667969, 336.2248840332031, 133.5749969482422]
23: [298.35845947265625, 338.3081970214844, 133.61666870117188]
24: [300.4418029785156, 340.39154052734375, 133.65834045410156]
25: [302.7066345214844, 342.6439514160156, 133.6999969482422]
26: [305.2529296875, 344.564697265625, 133.6999969482422]
27: [307.60589599609375, 346.32940673828125, 133.6999969482422]
28: [309.9588317871094, 348.0941162109375, 133.6999969482422]
29: [312.311767578125, 349.85882568359375, 133.6999969482422]
30: [314.6647033691406, 351.62353515625, 133.6999969482422]
31: [317.01763916015625, 353.38824462890625, 133.6999969482422]
32: [319.3705749511719, 355.1529541015625, 133.6999969482422]
33: [321.7235412597656, 356.9176330566406, 133.6999969482422]
34: [324.07647705078125, 358.6823425292969, 133.6999969482422]
35: [326.4294128417969, 360.4470520019531, 133.6999969482422]
36: [328.7823486328125, 362.2117614746094, 133.6999969482422]
37: [331.1352844238281, 363.9764709472656, 133.6999969482422]
38: [333.48822021484375, 365.7411804199219, 133.6999969482422]
39: [335.8411865234375, 367.5058898925781, 133.6999969482422]
last vertices:
238: [401.2222900390625, 311.4638977050781, 133.4031219482422]
239: [398.2535400390625, 311.3076477050781, 133.4187469482422]
240: [395.2847900390625, 311.1513977050781, 133.4343719482422]
241: [392.3160400390625, 310.9951477050781, 133.4499969482422]
242: [389.3472900390625, 310.8388977050781, 133.4656219482422]
243: [386.3785400390625, 310.6826477050781, 133.4812469482422]
244: [383.4097900390625, 310.5263977050781, 133.4968719482422]
245: [380.4410400390625, 310.3701477050781, 133.5124969482422]
246: [377.4722900390625, 310.2138977050781, 133.5281219482422]
247: [374.5035400390625, 310.0576477050781, 133.5437469482422]
248: [371.5347900390625, 309.9013977050781, 133.5593719482422]
249: [368.5660400390625, 309.7451477050781, 133.5749969482422]
250: [365.5972900390625, 309.5888977050781, 133.5906219482422]
251: [362.6285400390625, 309.4326477050781, 133.6062469482422]
252: [359.6597900390625, 309.2763977050781, 133.6218719482422]
253: [356.6910400390625, 309.1201477050781, 133.6374969482422]
254: [353.7222900390625, 308.9638977050781, 133.6531219482422]
255: [350.7535400390625, 308.8076477050781, 133.6687469482422]
256: [347.7847900390625, 308.6513977050781, 133.6843719482422]
257: [344.8160400390625, 308.4951477050781, 133.6999969482422]
first faces:
0: [0, 1, 130]
1: [0, 130, 129]
2: [1, 2, 131]
3: [1, 131, 130]
4: [2, 3, 132]
5: [2, 132, 131]
6: [3, 4, 133]
7: [3, 133, 132]
8: [4, 5, 134]
9: [4, 134, 133]
10: [5, 6, 135]
11: [5, 135, 134]
12: [6, 7, 136]
13: [6, 136, 135]
14: [7, 8, 137]
15: [7, 137, 136]
16: [8, 9, 138]
17: [8, 138, 137]
18: [9, 10, 139]
19: [9, 139, 138]
20: [10, 11, 140]
21: [10, 140, 139]
22: [11, 12, 141]
23: [11, 141, 140]
24: [12, 13, 142]
25: [12, 142, 141]
26: [13, 14, 143]
27: [13, 143, 142]
28: [14, 15, 144]
29: [14, 144, 143]
30: [15, 16, 145]
31: [15, 145, 144]
32: [16, 17, 146]
33: [16, 146, 145]
34: [17, 18, 147]
35: [17, 147, 146]
36: [18, 19, 148]
37: [18, 148, 147]
38: [19, 20, 149]
39: [19, 149, 148]
unique_z_sample=[132.7, 132.7385, 132.7769, 132.8154, 132.8539, 132.8923, 132.9308, 132.9692, 133.0077, 133.0462, 133.0846, 133.1231, 133.1615, 133.2, 133.2156, 133.2312, 133.2417, 133.2469, 133.2625, 133.2781, 133.2833, 133.2937, 133.3094, 133.325, 133.3406, 133.3562, 133.3667, 133.3719, 133.3875, 133.4031] count=54

## D3 vertices=434 faces=432 bounds=[[430.0, 82.31122589111328, 102.19999694824219], [593.5, 348.5, 133.6999969482422]]
first vertices:
0: [430.0, 348.5, 133.6999969482422]
1: [432.96875, 348.5, 133.5523223876953]
2: [435.9375, 348.5, 133.4046630859375]
3: [438.90625, 348.5, 133.25698852539062]
4: [441.875, 348.5, 133.10931396484375]
5: [444.84375, 348.5, 132.96165466308594]
6: [447.8125, 348.5, 132.81398010253906]
7: [450.78125, 348.5, 132.6663055419922]
8: [453.75, 348.5, 132.5186309814453]
9: [456.71875, 348.5, 132.3709716796875]
10: [459.6875, 348.5, 132.22329711914062]
11: [462.65625, 348.5, 132.07562255859375]
12: [465.625, 348.5, 131.92794799804688]
13: [468.59375, 348.5, 131.78028869628906]
14: [471.5625, 348.5, 131.6326141357422]
15: [474.53125, 348.5, 131.4849395751953]
16: [477.5, 348.5, 131.33726501464844]
17: [480.46875, 348.5, 131.18960571289062]
18: [483.4375, 348.5, 131.04193115234375]
19: [486.40625, 348.5, 130.89425659179688]
20: [489.375, 348.5, 130.74659729003906]
21: [492.34375, 348.5, 130.5989227294922]
22: [495.3125, 348.5, 130.4512481689453]
23: [498.28125, 348.5, 130.30357360839844]
24: [501.25, 348.5, 130.15591430664062]
25: [504.21875, 348.5, 130.00823974609375]
26: [507.1875, 348.5, 129.86056518554688]
27: [510.15625, 348.5, 129.712890625]
28: [513.125, 348.5, 129.5652313232422]
29: [516.09375, 348.5, 129.4175567626953]
30: [519.0625, 348.5, 129.26988220214844]
31: [522.03125, 348.5, 129.12220764160156]
32: [525.6847534179688, 348.432373046875, 128.97454833984375]
33: [529.0734252929688, 347.0943908691406, 128.82757568359375]
34: [531.8007202148438, 345.9580383300781, 128.6806182861328]
35: [534.5279541015625, 344.8216857910156, 128.5336456298828]
36: [537.2552490234375, 343.685302734375, 128.38668823242188]
37: [539.9825439453125, 342.5489501953125, 128.23973083496094]
38: [542.7097778320312, 341.41259765625, 128.09275817871094]
39: [545.4370727539062, 340.2762145996094, 127.94579315185547]
last vertices:
414: [570.7364501953125, 114.26844024658203, 104.86229705810547]
415: [573.2364501953125, 112.81010437011719, 104.71833801269531]
416: [575.7364501953125, 111.35177612304688, 104.57437133789062]
417: [578.2364501953125, 109.89344024658203, 104.43040466308594]
418: [580.7364501953125, 108.43510437011719, 104.28643798828125]
419: [581.52099609375, 109.61699676513672, 104.14247131347656]
420: [580.6165161132812, 110.90306091308594, 104.00372314453125]
421: [578.4736328125, 109.11734771728516, 103.86497497558594]
422: [576.330810546875, 107.33163452148438, 103.72622680664062]
423: [574.1879272460938, 105.54591369628906, 103.58747863769531]
424: [572.0450439453125, 103.76020050048828, 103.44873046875]
425: [569.9022216796875, 101.9744873046875, 103.30998229980469]
426: [567.7593383789062, 100.18877410888672, 103.17123413085938]
427: [565.6165161132812, 98.40306091308594, 103.03248596191406]
428: [563.4736328125, 96.61734771728516, 102.89373779296875]
429: [561.330810546875, 94.83163452148438, 102.75498962402344]
430: [559.1879272460938, 93.04591369628906, 102.61624145507812]
431: [557.0450439453125, 91.26020050048828, 102.47749328613281]
432: [554.9022216796875, 89.4744873046875, 102.3387451171875]
433: [552.7593383789062, 87.68877410888672, 102.19999694824219]
first faces:
0: [0, 1, 218]
1: [0, 218, 217]
2: [1, 2, 219]
3: [1, 219, 218]
4: [2, 3, 220]
5: [2, 220, 219]
6: [3, 4, 221]
7: [3, 221, 220]
8: [4, 5, 222]
9: [4, 222, 221]
10: [5, 6, 223]
11: [5, 223, 222]
12: [6, 7, 224]
13: [6, 224, 223]
14: [7, 8, 225]
15: [7, 225, 224]
16: [8, 9, 226]
17: [8, 226, 225]
18: [9, 10, 227]
19: [9, 227, 226]
20: [10, 11, 228]
21: [10, 228, 227]
22: [11, 12, 229]
23: [11, 229, 228]
24: [12, 13, 230]
25: [12, 230, 229]
26: [13, 14, 231]
27: [13, 231, 230]
28: [14, 15, 232]
29: [14, 232, 231]
30: [15, 16, 233]
31: [15, 233, 232]
32: [16, 17, 234]
33: [16, 234, 233]
34: [17, 18, 235]
35: [17, 235, 234]
36: [18, 19, 236]
37: [18, 236, 235]
38: [19, 20, 237]
39: [19, 237, 236]
unique_z_sample=[102.2, 102.3387, 102.4775, 102.6162, 102.755, 102.8937, 103.0325, 103.1712, 103.31, 103.4487, 103.5875, 103.7262, 103.865, 104.0037, 104.1425, 104.2864, 104.4304, 104.5744, 104.7183, 104.8623, 105.0063, 105.1502, 105.2942, 105.4382, 105.5821, 105.7261, 105.8701, 106.014, 106.158, 106.3019] count=217

## D4 vertices=98 faces=96 bounds=[[177.0, 101.0, 107.69999694824219], [315.0, 119.0, 108.69999694824219]]
first vertices:
0: [177.0, 109.0, 107.69999694824219]
1: [179.86666870117188, 109.0, 107.73332977294922]
2: [182.73333740234375, 109.0, 107.76667022705078]
3: [185.60000610351562, 109.0, 107.80000305175781]
4: [188.46665954589844, 109.0, 107.83333587646484]
5: [191.3333282470703, 109.0, 107.86666870117188]
6: [194.1999969482422, 109.0, 107.9000015258789]
7: [197.06666564941406, 109.0, 107.93333435058594]
8: [199.93333435058594, 109.0, 107.96666717529297]
9: [202.8000030517578, 109.0, 108.0]
10: [205.6666717529297, 109.0, 108.03333282470703]
11: [208.53334045410156, 109.0, 108.06666564941406]
12: [211.39999389648438, 109.0, 108.0999984741211]
13: [214.26666259765625, 109.0, 108.13333129882812]
14: [217.13333129882812, 109.0, 108.16666412353516]
15: [220.0, 109.0, 108.19999694824219]
16: [223.0, 109.0, 108.19999694824219]
17: [226.0, 109.0, 108.19999694824219]
18: [229.0, 109.0, 108.19999694824219]
19: [232.0, 109.0, 108.19999694824219]
20: [235.0, 109.0, 108.19999694824219]
21: [238.0, 109.0, 108.19999694824219]
22: [241.0, 109.0, 108.19999694824219]
23: [244.0, 109.0, 108.19999694824219]
24: [247.0, 109.0, 108.19999694824219]
25: [249.46432495117188, 108.9639663696289, 108.19999694824219]
26: [251.5934295654297, 109.61532592773438, 108.23846435546875]
27: [254.28573608398438, 110.38455963134766, 108.27692413330078]
28: [256.97802734375, 111.1537857055664, 108.31538391113281]
29: [259.67034912109375, 111.92301940917969, 108.35384368896484]
30: [262.3626403808594, 112.69225311279297, 108.3923110961914]
31: [265.0549621582031, 113.46147918701172, 108.43077087402344]
32: [267.7472839355469, 114.230712890625, 108.46923065185547]
33: [270.4395751953125, 114.99993896484375, 108.5076904296875]
34: [273.13189697265625, 115.76917266845703, 108.54615020751953]
35: [275.8241882324219, 116.53840637207031, 108.5846176147461]
36: [278.5165100097656, 117.30763244628906, 108.62307739257812]
37: [281.20880126953125, 118.07686614990234, 108.66153717041016]
38: [284.4643249511719, 118.9639663696289, 108.69999694824219]
39: [288.0, 119.0, 108.69999694824219]
last vertices:
78: [261.86810302734375, 104.23082733154297, 108.35384368896484]
79: [264.5604248046875, 105.00006103515625, 108.3923110961914]
80: [267.2527160644531, 105.769287109375, 108.43077087402344]
81: [269.9450378417969, 106.53852081298828, 108.46923065185547]
82: [272.6373596191406, 107.30774688720703, 108.5076904296875]
83: [275.32965087890625, 108.07698059082031, 108.54615020751953]
84: [278.02197265625, 108.8462142944336, 108.5846176147461]
85: [280.7142639160156, 109.61544036865234, 108.62307739257812]
86: [283.4065856933594, 110.38467407226562, 108.66153717041016]
87: [285.5356750488281, 111.0360336303711, 108.69999694824219]
88: [288.0, 111.0, 108.69999694824219]
89: [291.0, 111.0, 108.69999694824219]
90: [294.0, 111.0, 108.69999694824219]
91: [297.0, 111.0, 108.69999694824219]
92: [300.0, 111.0, 108.69999694824219]
93: [303.0, 111.0, 108.69999694824219]
94: [306.0, 111.0, 108.69999694824219]
95: [309.0, 111.0, 108.69999694824219]
96: [312.0, 111.0, 108.69999694824219]
97: [315.0, 111.0, 108.69999694824219]
first faces:
0: [0, 1, 50]
1: [0, 50, 49]
2: [1, 2, 51]
3: [1, 51, 50]
4: [2, 3, 52]
5: [2, 52, 51]
6: [3, 4, 53]
7: [3, 53, 52]
8: [4, 5, 54]
9: [4, 54, 53]
10: [5, 6, 55]
11: [5, 55, 54]
12: [6, 7, 56]
13: [6, 56, 55]
14: [7, 8, 57]
15: [7, 57, 56]
16: [8, 9, 58]
17: [8, 58, 57]
18: [9, 10, 59]
19: [9, 59, 58]
20: [10, 11, 60]
21: [10, 60, 59]
22: [11, 12, 61]
23: [11, 61, 60]
24: [12, 13, 62]
25: [12, 62, 61]
26: [13, 14, 63]
27: [13, 63, 62]
28: [14, 15, 64]
29: [14, 64, 63]
30: [15, 16, 65]
31: [15, 65, 64]
32: [16, 17, 66]
33: [16, 66, 65]
34: [17, 18, 67]
35: [17, 67, 66]
36: [18, 19, 68]
37: [18, 68, 67]
38: [19, 20, 69]
39: [19, 69, 68]
unique_z_sample=[107.7, 107.7333, 107.7667, 107.8, 107.8333, 107.8667, 107.9, 107.9333, 107.9667, 108.0, 108.0333, 108.0667, 108.1, 108.1333, 108.1667, 108.2, 108.2385, 108.2769, 108.3154, 108.3538, 108.3923, 108.4308, 108.4692, 108.5077, 108.5462, 108.5846, 108.6231, 108.6615, 108.7] count=29

## D5 vertices=256 faces=254 bounds=[[312.8135681152344, 112.26696014404297, 105.69999694824219], [563.4103393554688, 198.49838256835938, 110.69999694824219]]
first vertices:
0: [312.8135681152344, 117.73303985595703, 108.69999694824219]
1: [315.0863037109375, 119.55122375488281, 108.74545288085938]
2: [317.3590087890625, 121.3694076538086, 108.79090881347656]
3: [319.6317443847656, 123.18758392333984, 108.83636474609375]
4: [321.90447998046875, 125.00576782226562, 108.88182067871094]
5: [324.1772155761719, 126.8239517211914, 108.9272689819336]
6: [326.4499206542969, 128.6421356201172, 108.97272491455078]
7: [328.72265625, 130.46031188964844, 109.01818084716797]
8: [330.9953918457031, 132.2784881591797, 109.06363677978516]
9: [333.26812744140625, 134.0966796875, 109.10909271240234]
10: [335.54083251953125, 135.91485595703125, 109.15454864501953]
11: [337.2130126953125, 137.11724853515625, 109.19999694824219]
12: [337.93682861328125, 139.07102966308594, 109.31538391113281]
13: [339.0906982421875, 141.76333618164062, 109.43077087402344]
14: [340.2445373535156, 144.4556427001953, 109.54615020751953]
15: [341.39837646484375, 147.14794921875, 109.66153717041016]
16: [342.5522155761719, 149.8402557373047, 109.77692413330078]
17: [343.7060546875, 152.53256225585938, 109.8923110961914]
18: [344.85992431640625, 155.22486877441406, 110.0076904296875]
19: [346.0137634277344, 157.91717529296875, 110.12307739257812]
20: [347.1676025390625, 160.60948181152344, 110.23846435546875]
21: [348.3214416503906, 163.30178833007812, 110.35384368896484]
22: [349.4753112792969, 165.9940948486328, 110.46923065185547]
23: [350.629150390625, 168.68641662597656, 110.5846176147461]
24: [352.56646728515625, 172.5155487060547, 110.69999694824219]
25: [356.4779052734375, 174.36077880859375, 110.69999694824219]
26: [359.25567626953125, 175.47189331054688, 110.69999694824219]
27: [362.0334777832031, 176.5830078125, 110.69999694824219]
28: [364.8112487792969, 177.69410705566406, 110.69999694824219]
29: [367.5890197753906, 178.8052215576172, 110.69999694824219]
30: [370.3667907714844, 179.9163360595703, 110.69999694824219]
31: [373.14459228515625, 181.02745056152344, 110.69999694824219]
32: [375.92236328125, 182.1385498046875, 110.69999694824219]
33: [378.70013427734375, 183.24966430664062, 110.69999694824219]
34: [381.4779052734375, 184.36077880859375, 110.69999694824219]
35: [384.25567626953125, 185.47189331054688, 110.69999694824219]
36: [387.0334777832031, 186.5830078125, 110.69999694824219]
37: [389.8112487792969, 187.69410705566406, 110.69999694824219]
38: [392.5890197753906, 188.8052215576172, 110.69999694824219]
39: [395.3667907714844, 189.9163360595703, 110.69999694824219]
last vertices:
236: [547.525146484375, 147.47486877441406, 106.6500015258789]
237: [545.525146484375, 145.47486877441406, 106.5]
238: [543.525146484375, 143.47486877441406, 106.3499984741211]
239: [541.525146484375, 141.47486877441406, 106.19999694824219]
240: [539.525146484375, 139.47486877441406, 106.05000305175781]
241: [538.471923828125, 138.1488037109375, 105.9000015258789]
242: [536.708740234375, 138.11582946777344, 105.88571166992188]
243: [533.8515625, 137.75868225097656, 105.87142944335938]
244: [530.9944458007812, 137.40155029296875, 105.85713958740234]
245: [528.1373291015625, 137.04440307617188, 105.84285736083984]
246: [525.2801513671875, 136.687255859375, 105.82857513427734]
247: [522.4230346679688, 136.33010864257812, 105.81428527832031]
248: [519.5658569335938, 135.9729766845703, 105.80000305175781]
249: [516.708740234375, 135.61582946777344, 105.78571319580078]
250: [513.8515625, 135.25868225097656, 105.77143096923828]
251: [510.99444580078125, 134.90155029296875, 105.75714111328125]
252: [508.1372985839844, 134.54440307617188, 105.74285888671875]
253: [505.2801513671875, 134.187255859375, 105.72856903076172]
254: [502.42303466796875, 133.83010864257812, 105.71428680419922]
255: [499.5658874511719, 133.4729766845703, 105.69999694824219]
first faces:
0: [0, 1, 129]
1: [0, 129, 128]
2: [1, 2, 130]
3: [1, 130, 129]
4: [2, 3, 131]
5: [2, 131, 130]
6: [3, 4, 132]
7: [3, 132, 131]
8: [4, 5, 133]
9: [4, 133, 132]
10: [5, 6, 134]
11: [5, 134, 133]
12: [6, 7, 135]
13: [6, 135, 134]
14: [7, 8, 136]
15: [7, 136, 135]
16: [8, 9, 137]
17: [8, 137, 136]
18: [9, 10, 138]
19: [9, 138, 137]
20: [10, 11, 139]
21: [10, 139, 138]
22: [11, 12, 140]
23: [11, 140, 139]
24: [12, 13, 141]
25: [12, 141, 140]
26: [13, 14, 142]
27: [13, 142, 141]
28: [14, 15, 143]
29: [14, 143, 142]
30: [15, 16, 144]
31: [15, 144, 143]
32: [16, 17, 145]
33: [16, 145, 144]
34: [17, 18, 146]
35: [17, 146, 145]
36: [18, 19, 147]
37: [18, 147, 146]
38: [19, 20, 148]
39: [19, 148, 147]
unique_z_sample=[105.7, 105.7143, 105.7286, 105.7429, 105.7571, 105.7714, 105.7857, 105.8, 105.8143, 105.8286, 105.8429, 105.8571, 105.8714, 105.8857, 105.9, 106.05, 106.2, 106.35, 106.5, 106.65, 106.8, 106.95, 107.1, 107.25, 107.4, 107.5636, 107.7273, 107.8909, 108.0545, 108.2182] count=105

## D6 vertices=168 faces=166 bounds=[[313.43475341796875, 96.5, 103.69999694824219], [550.3482666015625, 123.48262786865234, 108.69999694824219]]
first vertices:
0: [316.56524658203125, 118.1304931640625, 108.69999694824219]
1: [319.06524658203125, 116.8804931640625, 108.53333282470703]
2: [321.56524658203125, 115.6304931640625, 108.36666870117188]
3: [324.06524658203125, 114.3804931640625, 108.19999694824219]
4: [326.56524658203125, 113.1304931640625, 108.03333282470703]
5: [329.06524658203125, 111.8804931640625, 107.86666870117188]
6: [331.56524658203125, 110.6304931640625, 107.69999694824219]
7: [334.06524658203125, 109.3804931640625, 107.53333282470703]
8: [336.56524658203125, 108.1304931640625, 107.36666870117188]
9: [339.06524658203125, 106.8804931640625, 107.19999694824219]
10: [341.56524658203125, 105.6304931640625, 107.03333282470703]
11: [344.06524658203125, 104.3804931640625, 106.86666870117188]
12: [345.7900390625, 103.40966796875, 106.69999694824219]
13: [347.8947448730469, 103.5, 106.56842041015625]
14: [350.7894592285156, 103.5, 106.43684387207031]
15: [353.6842041015625, 103.5, 106.30525970458984]
16: [356.5789489746094, 103.5, 106.1736831665039]
17: [359.47369384765625, 103.5, 106.04210662841797]
18: [362.368408203125, 103.5, 105.91053009033203]
19: [365.2631530761719, 103.5, 105.77894592285156]
20: [368.15789794921875, 103.5, 105.64736938476562]
21: [371.0526428222656, 103.5, 105.51579284667969]
22: [373.9473571777344, 103.5, 105.38420867919922]
23: [376.84210205078125, 103.5, 105.25263214111328]
24: [379.7368469238281, 103.5, 105.12105560302734]
25: [382.631591796875, 103.5, 104.98947143554688]
26: [385.52630615234375, 103.5, 104.85789489746094]
27: [388.4210510253906, 103.5, 104.726318359375]
28: [391.3157958984375, 103.5, 104.59473419189453]
29: [394.2105407714844, 103.5, 104.4631576538086]
30: [397.1052551269531, 103.5, 104.33158111572266]
31: [399.71795654296875, 103.48861694335938, 104.19999694824219]
32: [402.1518859863281, 103.90692138671875, 104.15454864501953]
33: [404.879150390625, 104.3614730834961, 104.10909271240234]
34: [407.6064147949219, 104.8160171508789, 104.06363677978516]
35: [410.33367919921875, 105.27056121826172, 104.01818084716797]
36: [413.06097412109375, 105.72510528564453, 103.97272491455078]
37: [415.7882385253906, 106.17964935302734, 103.9272689819336]
38: [418.5155029296875, 106.63419342041016, 103.88182067871094]
39: [421.2427978515625, 107.0887451171875, 103.83636474609375]
last vertices:
148: [495.74432373046875, 109.52810668945312, 104.86666870117188]
149: [498.5220947265625, 110.63922119140625, 105.03333282470703]
150: [500.83514404296875, 111.60110473632812, 105.19999694824219]
151: [503.2894287109375, 111.81148529052734, 105.22940826416016]
152: [506.2306213378906, 112.10560607910156, 105.25882720947266]
153: [509.1717834472656, 112.39971923828125, 105.28823852539062]
154: [512.1129760742188, 112.69384002685547, 105.3176498413086]
155: [515.0541381835938, 112.98796081542969, 105.34706115722656]
156: [517.9953002929688, 113.28207397460938, 105.37647247314453]
157: [520.9365234375, 113.5761947631836, 105.4058837890625]
158: [523.877685546875, 113.87030792236328, 105.43529510498047]
159: [526.81884765625, 114.1644287109375, 105.46470642089844]
160: [529.760009765625, 114.45854949951172, 105.4941177368164]
161: [532.7012329101562, 114.7526626586914, 105.52352905273438]
162: [535.6423950195312, 115.04678344726562, 105.55294036865234]
163: [538.5835571289062, 115.34089660644531, 105.58235168457031]
164: [541.5247192382812, 115.63501739501953, 105.61176300048828]
165: [544.4658813476562, 115.92913818359375, 105.64117431640625]
166: [547.4071044921875, 116.22325134277344, 105.67058563232422]
167: [550.3482666015625, 116.51737213134766, 105.69999694824219]
first faces:
0: [0, 1, 85]
1: [0, 85, 84]
2: [1, 2, 86]
3: [1, 86, 85]
4: [2, 3, 87]
5: [2, 87, 86]
6: [3, 4, 88]
7: [3, 88, 87]
8: [4, 5, 89]
9: [4, 89, 88]
10: [5, 6, 90]
11: [5, 90, 89]
12: [6, 7, 91]
13: [6, 91, 90]
14: [7, 8, 92]
15: [7, 92, 91]
16: [8, 9, 93]
17: [8, 93, 92]
18: [9, 10, 94]
19: [9, 94, 93]
20: [10, 11, 95]
21: [10, 95, 94]
22: [11, 12, 96]
23: [11, 96, 95]
24: [12, 13, 97]
25: [12, 97, 96]
26: [13, 14, 98]
27: [13, 98, 97]
28: [14, 15, 99]
29: [14, 99, 98]
30: [15, 16, 100]
31: [15, 100, 99]
32: [16, 17, 101]
33: [16, 101, 100]
34: [17, 18, 102]
35: [17, 102, 101]
36: [18, 19, 103]
37: [18, 103, 102]
38: [19, 20, 104]
39: [19, 104, 103]
unique_z_sample=[103.7, 103.7455, 103.7909, 103.8364, 103.8667, 103.8818, 103.9273, 103.9727, 104.0182, 104.0333, 104.0636, 104.1091, 104.1545, 104.2, 104.3316, 104.3667, 104.4632, 104.5333, 104.5947, 104.7, 104.7263, 104.8579, 104.8667, 104.9895, 105.0333, 105.1211, 105.2, 105.2294, 105.2526, 105.2588] count=68
